T-statistic: -2.1964625958466355
P-value: 0.07309706417382401
